-1.79227
-1.288686
0.3360127
-1.113178
0.09980999
-0.9564994
0.6191527
0.3979918
0.2248919
0.1035728
-0.4191415
-0.4518818
-0.5192395
0.8273904
0.2620555
0.2289109
0.717249
-1.453752
-0.03419304
0.02013204
-0.3302161
-0.04624236
0.1130698
0.6813665
1.313316
-0.858219
0.215465
1.399136
-0.8171526
0.2636724
-0.07485676
0.2124134
0.2166793
0.274451
-0.8097019
0.5013418
-0.5152133
0.627207
0.7081215
-0.6661135
-1.038516
0.4210446
0.09833513
-0.7512469
-0.8067106
0.0992105
0.03707689
-0.7736012
-0.9631602
-0.1359486
1.268769
-0.1827304
0.5199283
0.280204
0.04880142
0.4678757
-0.01418139
0.1364526
1.545723
-0.36075
0.0292117
-0.2624337
0.4644089
0.6356072
-0.3939443
0.6490284
-0.3219163
1.086084
0.8157533
-0.339481
0.4624199
