-0.9007106
1.663898
-0.1012743
0.2722305
0.5805168
0.6943257
-0.8088728
0.4166668
0.1864025
-0.2392443
-0.01123965
-0.1471404
-0.3204122
-0.2458321
-0.5673693
0.5828295
-0.5977401
-1.020306
0.04763651
-0.6001938
-0.6206135
-0.2389181
-1.382891
-0.1478967
-1.084983
0.6806845
0.718922
0.4126397
-0.2140355
0.259435
-1.182229
-0.1677412
0.439366
1.169114
-0.8192034
0.1369424
-0.3290367
1.010986
-0.8355659
-0.5389098
0.7933127
1.373199
0.1296058
0.5498371
-0.4773289
-1.055143
0.2320992
1.333862
1.298796
1.167549
0.3905873
-1.181074
-0.7354169
0.5809199
1.410557
0.1632231
0.4540008
0.2023502
-0.9725858
2.060567
-0.1287459
1.400651
-0.3864735
0.8330665
1.063328
0.8599655
0.7913202
0.1469843
2.00627
-0.1594653
0.7604379
