-0.3669233
-0.4464184
-0.01310128
0.2227006
0.3989582
-0.1437389
-0.09022087
-0.2209263
-0.2526939
0.06621951
-0.1757745
0.4466674
0.08121496
0.1844805
-0.2311731
0.1753151
0.1557143
0.4705772
0.4686085
-0.4640726
0.01378697
0.3140534
-0.2653223
0.1327433
0.005927145
-0.09187275
-0.4360952
-0.1276855
-0.1687326
-0.4210172
-0.4408517
-0.03700596
-0.375832
-0.06653076
0.329003
-0.09040946
0.3505429
0.25483
-0.1862441
-0.01401919
0.1895856
-0.1020126
-0.1716452
-0.1186486
-0.4426427
0.2465433
-0.3145907
-0.1316857
0.3333004
-0.255221
-0.3456523
-0.3195983
0.3182095
0.4501719
0.3287956
0.2618097
0.1418873
0.3866861
-0.4493893
-0.04845542
0.42207
-0.2609977
-0.1256086
