0.2782561
0.3629093
-0.4610112
0.3967154
-0.2541293
0.3286498
0.4972535
-0.341964
0.3049663
-0.472679
-0.2882442
0.4201213
0.04646808
-0.445913
0.2909106
0.1438536
0.3361624
0.03536457
-0.0135538
-0.3288093
0.1356937
-0.4911699
-0.1389901
-0.3543972
0.2931403
-0.2934747
-0.2825147
-0.3507847
-0.09193569
-0.1184652
0.4123709
-0.4691176
-0.3420368
-0.1254929
0.3632921
-0.3335391
0.2628806
0.4163004
-0.2000628
0.01531285
-0.3741201
0.1082875
-0.3940821
-0.2759316
-0.2856117
0.07743818
-0.4159195
-0.1823663
-0.05613703
0.1311598
-0.4128877
0.4150803
0.2410127
0.477548
0.3698487
0.2325775
0.08262402
-0.3588305
0.2075579
0.3194554
0.01425892
0.05137569
0.1817796
-0.08158082
0.07377392
-0.3598791
-0.1821194
-0.23081
0.3332329
0.08922309
-0.1713294
