-1.567925
-1.174131
0.03495201
-0.7706935
0.09980999
-0.5933266
0.6191527
0.236169
0.06875807
0.4568787
-0.3663785
-0.776548
-0.5192395
0.9732493
-0.2322057
-0.2072639
0.717249
-1.453752
0.4520133
0.02013204
-0.3302161
0.003729399
0.6104317
0.9013775
1.116169
-0.858219
0.215465
1.371261
-0.3630025
0.2636724
-0.07485676
0.2124134
-0.2561183
0.1103384
-0.8097019
0.5013418
-0.1650493
0.627207
0.5620466
-0.6661135
-0.5793107
0.4247929
0.5763377
-0.4287554
-0.8067106
0.0992105
0.03707689
-0.5293891
-0.9631602
-0.5131113
1.268769
-0.1827304
0.5199283
0.280204
0.04880142
0.564813
-0.06873019
0.5960163
1.095791
-0.05544868
0.3173979
-0.2136347
0.4644089
0.7539678
-0.3939443
0.189362
-0.3219163
1.086084
0.8157533
-0.339481
0.4624199
