0.07651585
0.5878671
-0.185859
0.08027297
0.7430137
-0.6572688
-0.04055154
0.6196696
0.2090007
-0.1502625
0.4025756
0.3109616
-0.09450001
0.2105396
-0.3371629
-0.2131245
0.03458232
-0.01613027
0.1117718
-0.02656639
-0.5265307
0.3174919
0.4109678
0.2445586
0.04498821
-0.3077219
0.176331
-0.2894123
0.01912344
1.02902
-0.1074131
0.047943
0.323743
0.4078906
0.06314515
-0.2537597
0.2842555
-0.1410167
0.02568811
0.07215653
-0.4410768
0.1882766
0.2760514
-0.3424777
-0.7811223
-0.5013208
-0.127143
-0.1319545
-0.377893
-0.3583688
0.101021
0.2141504
0.6795996
0.4725891
0.2166911
-0.04638243
-0.9899785
0.004731238
0.4070916
-1.12516
-0.2163379
0.5179104
-0.2895549
0.01345628
0.1186877
0.4691626
0.1391947
-0.3812169
0.241256
0.3832822
-0.695208
