-1.567925
-1.550825
0.1655521
-0.7706935
0.09980999
-1.069102
0.6191527
0.236169
0.2941768
0.4568787
-0.3663785
-0.776548
-0.5192395
1.167047
-0.2322057
0.2795839
0.717249
-1.615444
0.4520133
0.02013204
-0.3302161
0.003729399
0.6104317
0.9013775
1.116169
-0.858219
0.215465
1.371261
-0.3630025
0.2636724
-0.07485676
0.2124134
0.05130672
0.02538443
-0.8097019
0.5013418
-0.1650493
1.039762
0.9850528
-0.6661135
-0.9180866
-0.01263416
0.5763377
-0.5162743
-0.6312745
0.293198
0.03707689
-0.7212936
-0.9631602
-0.3001744
1.715486
-0.1827304
0.5199283
0.280204
0.04880142
0.1387292
-0.06873019
1.020106
0.9882831
-0.1453261
0.3173979
0.2168681
0.4551061
0.7539678
-0.1542783
-0.0887429
-0.3219163
0.9871671
0.8157533
-0.6929722
0.03069392
